1	3.91	4.17	ゴルフ
1	4.17	4.35	です
1	4.35	4.67	か
1	5.49	5.76	おお
1	6.39	6.56	俺
1	6.56	6.67	の
1	6.67	7.07	きっかけ
1	7.07	7.16	は
1	7.16	7.29	ね
1	7.29	7.63	本当
1	7.63	7.75	に
1	7.75	8.17	友達
1	8.17	8.58	が
1	8.68	8.96	ゴルフ
1	8.96	9.24	やろう
1	9.24	9.42	ね
1	9.42	9.59	とか
1	9.59	10.2	いっとって
1	11.01	11.1	で
1	11.1	11.3	それ
1	11.3	11.57	で
1	11.6	11.94	ゴルフ
1	11.94	12.23	用品
1	12.23	12.3	って
1	12.3	12.63	たけえ
1	12.63	12.9	やん
1	14.52	14.68	で
1	14.68	14.92	それ
1	14.92	15.19	で
1	15.6	15.73	や
1	15.73	16.05	ゴルフ
1	16.05	16.45	やりてえ
1	16.45	16.62	けど
1	16.62	16.97	たけ
1	16.97	17.24	やって
1	17.24	17.52	な
1	17.52	17.75	やつ
1	17.75	18.35	たてて
1	19.29	19.37	で
1	19.37	19.49	そう
1	19.49	20.03	したら
1	20.2	20.24	え
1	20.24	20.44	俺
1	20.44	20.5	の
1	20.5	20.7	やつ
1	20.7	21.03	全然
1	21.03	21.28	あげる
1	21.28	21.47	から
1	21.47	21.77	やろう
1	21.77	21.9	や
1	21.9	22.12	みたい
1	22.12	22.19	な
1	22.19	22.46	感じ
1	22.46	22.5	に
1	22.5	22.98	なって
1	23.86	24.02	ああ
1	24.36	24.58	じゃ
1	24.58	25.46	やります
1	25.46	26.21	つって
1	27.36	27.84	で
1	27.84	28.05	それ
1	28.05	28.15	で
1	28.15	28.35	やる
1	28.35	28.55	やん
1	28.55	28.81	もう
1	28.81	29.17	ほぼ
1	29.17	29.54	ただ
1	29.54	29.63	で
1	29.63	29.97	やってる
1	29.97	30.34	から
1	31.96	32.44	そうそう
1	32.44	32.97	そうそう
1	33	33.11	あ
1	33.11	33.21	で
1	33.21	33.41	それ
1	33.41	33.5	で
1	33.5	33.95	やろう
1	33.98	34.24	つって
1	34.24	34.52	やっと
1	34.52	35.03	って
1	35.42	35.49	え
1	35.49	35.75	それ
1	35.75	36.12	で
1	36.48	37.1	二週間
1	37.1	37.19	か
1	37.19	37.92	三週間
1	38.11	38.57	練習
1	38.57	39.17	して
1	40.13	40.19	え
1	40.19	40.36	そこ
1	40.36	40.48	から
1	40.48	40.62	も
1	40.62	40.96	コース
1	40.96	41.29	回り
1	41.29	41.78	出して
1	41.78	41.92	って
1	41.92	42.22	感じ
1	42.22	42.73	かな
1	43.88	44.28	そう
1	44.28	44.4	だ
1	44.4	44.72	から
1	44.8	45.15	うん
1	45.15	45.26	だ
1	45.26	45.69	から
1	45.69	45.95	なんて
1	45.95	46.01	いう
1	46.01	46.1	う
1	46.91	47.16	うち
1	47.16	47.2	っ
1	47.27	47.38	ぱ
1	47.38	47.48	の
1	47.48	47.87	感覚
1	47.87	48.29	と
1	48.47	48.79	ゴルフ
1	48.79	48.89	の
1	48.89	49.35	その
1	49.96	50.28	コース
1	50.28	50.54	回った
1	50.54	50.88	感覚
1	50.88	51.35	全然
1	51.35	51.67	違うん
1	51.67	51.88	よ
1	55.3	55.68	ああ
1	55.68	55.88	そう
1	55.88	56.05	そう
1	56.05	56.34	その
1	56.34	56.79	その
1	57.01	57.51	足場
1	57.51	58	とか
1	58.09	58.46	傾斜
1	58.46	58.56	と
1	58.56	58.78	かも
1	58.78	59.05	全部
1	59.05	59.38	違う
1	59.38	59.79	から
1	61.7	62.12	そう
1	70.18	70.75	そうそう
1	70.75	71.29	そうそう
1	77.69	78.15	そうそう
1	78.15	78.72	そうそう
1	79.37	79.66	そう
1	79.66	79.81	だ
1	79.81	79.94	から
1	79.94	80.1	ばっ
1	80.1	80.58	せん
1	80.66	81.05	行っとる
1	81.05	81.3	け
1	81.41	82.06	行って
1	82.06	82.42	練習
1	82.42	82.7	しとる
1	82.7	83.01	けど
1	83.01	83.54	実際
1	83.96	84.3	打席
1	84.3	84.41	た
1	84.41	84.55	と
1	84.55	84.91	違う
1	84.91	84.99	よ
1	84.99	85.11	ね
1	85.11	85.24	って
1	85.24	85.63	話
1	87.69	87.77	えっ
1	87.77	87.8	う
1	87.8	88.45	そうそう
1	88.45	89.02	そうそう
1	91.09	91.45	そう
1	91.64	92.06	そう
1	92.24	92.36	だ
1	92.36	92.78	から
1	92.83	93.12	なんて
1	93.12	93.63	面白い
1	93.63	94.12	し
1	94.47	94.58	ああ
1	94.58	94.86	その
1	94.86	95.32	なんて
1	95.62	95.68	いう
1	95.68	96	広い
1	96	96.14	ね
1	96.14	96.44	もう
1	96.44	96.68	マジ
1	96.68	96.9	で
1	97.57	97.92	晴れ
1	98.46	98.57	もう
1	98.57	98.81	晴れ
1	98.81	98.98	出し
1	98.98	99.17	とか
1	99.17	99.5	超
1	99.5	99.89	気持ち
1	99.89	100.25	くて
1	101.05	101.21	や
1	101.21	101.34	もう
1	101.34	101.75	さい
1	101.75	102.33	最高
1	102.36	102.78	あれ
1	102.78	103.24	めちゃめちゃ
1	103.24	103.62	はまる
1	103.62	103.77	わ
1	103.77	103.85	と
1	103.85	104.23	思って
1	107.01	107.04	ん
1	107.44	107.52	え
1	107.52	107.79	ない
1	107.79	108.14	ない
1	108.32	108.48	ほな
1	108.48	108.59	ある
1	108.59	108.74	の
1	112.02	112.35	うん
1	118.39	118.68	うん
0	0.1	0.74	スポーツ
0	1.07	1.54	話して
0	1.54	2.01	早速
0	2.01	2.3	ゴルフ
0	2.3	2.4	の
0	2.4	2.56	こと
0	2.56	2.98	から
0	4.83	5.21	きっかけ
0	5.21	5.53	は
0	10.38	10.73	うん
0	13.14	13.46	高い
0	18.47	18.87	うん
0	23.17	23.51	おう
0	26.65	27.08	なるほど
0	27.08	27.69	ね
0	30.53	30.76	そう
0	30.76	30.89	ね
0	30.89	31.2	ギア
0	31.2	31.29	が
0	31.29	31.65	揃った
0	31.65	31.8	し
0	31.8	32.11	ね
0	35.13	35.5	うん
0	39.21	39.59	うん
0	43.04	43.69	ええ
0	43.69	44.12	そう
0	44.12	44.24	な
0	44.24	44.4	ん
0	44.4	44.64	や
0	52.12	52.51	え
0	52.54	53.04	あれ
0	53.08	53.22	じゃ
0	53.22	53.57	野球
0	53.57	53.68	の
0	53.68	54.04	練習
0	54.04	54.14	と
0	54.14	54.5	試合
0	54.5	54.62	が
0	54.62	54.92	違う
0	54.92	55.11	みたい
0	55.11	55.2	な
0	55.2	55.59	感じ
0	60.61	60.78	ああ
0	60.78	61.09	そっ
0	61.09	61.36	か
0	61.39	61.57	うち
0	61.57	61.69	っ
0	61.69	62.12	ぱって
0	62.12	62.65	決められた
0	62.65	63.22	環境
0	63.22	63.78	で
0	63.86	64.52	まったく
0	64.52	64.99	環境
0	64.99	65.22	が
0	65.59	66.45	変わらず
0	66.53	66.76	なん
0	66.81	67.09	なん
0	67.09	67.17	て
0	67.17	67.24	言う
0	67.24	67.36	か
0	67.36	67.86	整った
0	67.86	68.23	環境
0	68.23	68.63	フラット
0	68.63	68.73	は
0	68.73	69.1	環境
0	69.1	69.21	で
0	69.21	69.55	できる
0	69.55	69.96	から
0	71.09	71.77	実際
0	71.77	72.27	に
0	72.41	72.75	コース
0	72.75	72.89	に
0	72.89	73.13	出て
0	73.13	73.43	みる
0	73.43	73.87	と
0	73.9	74.22	傾斜
0	74.22	75.37	厭ったり
0	75.37	75.89	すらん
0	75.89	76.23	ところ
0	76.23	76.32	で
0	76.32	77.08	打ったり
0	77.08	77.17	で
0	77.17	77.9	いろいろ
0	78.42	78.72	変わる
0	78.72	78.94	わけ
0	78.94	79.26	ね
0	85.72	86.21	バッティング
0	86.21	86.54	ピッチャー
0	86.54	86.8	なん
0	86.8	87.3	ガンー
0	87.3	87.42	って
0	87.42	87.63	いう
0	87.63	87.75	の
0	87.75	87.87	じゃ
0	87.87	88.38	なくて
0	88.63	88.91	ピッチャー
0	88.91	89.18	一回
0	89.18	89.49	一回
0	89.49	89.91	タイミング
0	89.91	90.23	違う
0	90.23	90.34	よ
0	90.34	90.5	ね
0	90.5	90.68	って
0	90.68	90.83	いう
0	90.83	91.01	こと
0	91.01	91.19	よ
0	91.19	91.43	ね
0	94.38	94.7	うん
0	96.97	97.26	うん
0	97.26	97.56	わかる
0	97.56	98.03	わかる
0	100.33	100.86	うん
0	100.94	101.14	そう
0	101.14	101.51	ね
0	104.4	104.61	そう
0	104.61	104.77	ね
0	104.77	104.87	で
0	104.87	105.28	小松
0	105.28	105.6	オープン
0	105.6	105.68	って
0	105.68	105.95	聞いた
0	105.95	106.15	こと
0	106.15	106.51	ある
0	106.54	106.84	ゴルフ
0	106.84	107.09	の
0	108.32	108.54	なんか
0	108.54	108.98	小松
0	108.98	109.94	製作所
0	109.97	110.32	もともと
0	110.32	110.65	務め
0	110.65	110.94	取って
0	110.94	111.56	やんで
0	111.9	112.17	その
0	112.17	112.63	小松
0	112.63	113.04	オープン
0	113.04	113.14	って
0	113.14	113.71	言って
0	113.91	114.4	あの
0	114.4	114.81	結構
0	114.81	115.13	年
0	115.13	115.35	いった
0	115.35	115.58	人
0	115.58	115.68	が
0	115.68	116.07	出る
0	116.11	116.44	なんか
0	116.44	116.91	あの
0	116.94	117.33	大会
0	117.33	117.44	が
0	117.44	118.03	あって
0	118.28	118.43	で
0	118.43	118.81	優勝
