0	0.19	0.46	何
0	0.46	0.6	に
0	0.6	0.89	ついて
0	0.89	1.46	話します
0	1.46	1.72	か
0	6.07	6.49	音楽
0	7.38	7.74	音楽
0	7.74	7.86	いい
0	7.86	7.96	と
0	7.96	8.58	思います
0	15.4	15.55	いい
0	15.55	15.77	です
0	15.77	16.01	ね
0	18.45	18.6	あ
0	18.76	18.94	じゃ
0	19.83	20.32	最近
0	20.32	20.82	聞いてる
0	20.82	21.26	音楽
0	22.19	22.8	うん
0	22.94	23.44	おすすめ
0	23.44	23.62	な
0	23.62	24.43	アーティスト
0	24.43	24.56	に
0	24.56	24.81	ついて
0	24.81	25.11	話そう
0	25.11	25.48	かな
0	25.59	25.82	じゃ
0	27.96	28.4	おすすめ
0	28.4	28.62	の
0	28.62	29.13	アーティスト
0	29.13	29.57	は
0	31.07	32.34	うん
0	35.14	35.45	まあ
0	36.71	37.3	あの
0	37.33	38.05	清水さん
0	38.05	38.18	も
0	38.18	38.64	聞いてる
0	38.64	38.75	と
0	38.75	38.92	思う
0	38.92	38.96	ん
0	38.96	39.08	だ
0	39.08	39.7	けど
0	41.15	41.53	東京
0	41.53	41.99	事変
0	45.23	45.63	東京
0	45.63	46.01	事変
0	46.01	46.3	が
0	46.47	46.92	おすすめ
0	46.92	47.18	です
0	47.18	47.38	ね
0	47.73	47.89	みんな
0	47.89	48.38	聞いてる
0	48.38	48.53	の
0	49.9	50.18	みんな
0	50.18	50.41	き
0	51.18	51.58	みんな
0	51.58	51.98	大好き
0	51.98	52.4	東京
0	52.4	52.57	事変
0	59.17	59.67	聞いてる
0	60.66	60.75	え
0	61.42	61.96	わかる
0	62.61	62.93	ライブ
0	62.93	63.31	行きたい
0	63.31	63.51	ねん
0	63.51	63.8	な
0	70.81	70.92	うん
0	70.92	71.38	うん
0	71.88	72.23	なんか
0	72.23	72.72	ライブ
0	72.72	73.07	たまに
0	73.07	73.45	やってる
0	73.45	73.85	けど
0	73.85	74.3	東京
0	74.3	74.65	事変
0	74.65	74.75	の
0	74.75	75.07	ライブ
0	75.07	75.27	って
0	75.27	75.75	なかなか
0	75.75	76.18	チケット
0	76.18	76.7	取れへん
0	76.7	76.87	やん
0	78.85	79.11	そう
0	79.11	79.51	私
0	79.51	79.8	一回
0	79.8	80.05	応募
0	80.05	80.25	した
0	80.25	80.5	こと
0	80.5	80.75	あんねん
0	80.75	81.24	けど
0	81.47	81.55	まあ
0	81.55	81.84	普通
0	81.84	81.94	に
0	81.94	82.61	落ちて
0	83.97	84.21	そう
0	85.27	85.69	倍率
0	85.69	86.03	高い
0	86.03	86.47	から
0	86.62	87.14	結構
0	87.67	88.24	なんかちゃん
0	88.33	88.71	何回
0	88.71	89.18	も
0	89.18	89.35	応募
0	89.35	89.51	した
0	89.51	89.79	な
0	90.39	90.72	いけへん
0	90.72	91.03	みたい
0	91.03	91.19	な
0	93	93.37	感じ
0	93.63	93.99	そう
0	94.23	94.48	ええ
0	94.51	94.61	いっ
0	94.61	94.8	か
0	94.8	94.9	の
0	94.9	95.32	おすすめ
0	95.32	95.42	の
0	95.42	95.88	聞き方
0	95.88	95.98	が
0	95.98	96.31	あって
0	96.31	96.68	東京
0	96.68	97.01	事変
0	97.01	97.17	の
0	99.3	99.76	聞き方
0	99.76	99.87	って
0	99.87	99.92	いう
0	99.92	100.12	か
0	100.6	101.44	あの
0	101.74	101.77	う
0	101.77	102.37	レコード
0	102.41	102.65	盤
0	102.65	102.91	が
0	102.94	103.35	発売
0	103.35	103.76	されてる
0	103.76	103.91	ねん
0	103.91	103.99	の
0	104.05	104.38	東京
0	104.38	104.7	事変
0	104.7	104.96	って
0	106.48	106.89	そう
0	107.34	107.67	そう
0	107.67	108.13	シーディー
0	108.13	108.25	じゃ
0	108.25	108.75	なくて
0	108.75	109.21	レコード
0	109.21	109.43	盤
0	109.43	109.55	が
0	109.55	110.19	あって
0	110.63	110.89	その
1	3.77	4.47	じゃ
1	5.18	5.75	音楽
1	6.19	6.39	とか
1	6.39	6.51	どう
1	6.51	6.68	です
1	6.68	6.94	か
1	8.68	9.14	音楽
1	11.42	11.71	じゃ
1	11.75	12.49	音楽
1	13.2	13.63	最近
1	13.63	14.12	聞いてる
1	14.12	14.43	音楽
1	14.43	14.72	とか
1	16.22	16.71	オススメ
1	16.71	16.97	の
1	17.07	17.61	アーティスト
1	17.61	17.89	とか
1	18.65	19.02	あります
1	19.02	19.29	か
1	26.38	26.61	お
1	40.34	40.68	うん
1	45.28	45.66	ウインナー
1	45.66	45.99	聞いて
1	45.99	46.11	が
1	46.11	46.34	ない
1	48.21	48.28	え
1	48.76	49.05	ウインナー
1	49.05	49.69	聞いてる
1	49.74	50.21	ウインナー
1	50.24	50.51	ウインナー
1	50.51	51.04	大好き
1	53.62	53.92	いや
1	53.92	54.12	いい
1	54.12	54.51	な
1	54.51	54.83	東京
1	54.83	55.43	事変
1	56.46	56.62	いい
1	56.62	56.86	です
1	56.86	56.97	ね
1	56.97	57.24	本当
1	57.24	57.4	に
1	57.44	57.81	私
1	57.81	58.11	も
1	59.18	59.52	ライブ
1	59.52	59.76	とか
1	59.76	60.19	行きたい
1	60.19	60.75	な
1	64.45	64.79	ライブ
1	64.79	65.26	行きたい
1	66.18	66.47	あの
1	66.47	67.4	世界観
1	68.38	68.77	椎名
1	68.77	69.11	林檎
1	69.11	69.3	あの
1	69.3	69.92	世界観
1	69.92	69.97	を
1	69.97	70.4	体験
1	70.4	70.54	して
1	70.54	70.94	みたい
1	74.24	74.71	うん
1	77.73	77.84	あ
1	77.84	78.03	そう
1	78.03	78.16	な
1	78.16	78.26	ん
1	78.26	78.6	や
1	81.67	82.04	うん
1	84.28	84.53	そう
1	84.53	84.61	な
1	84.61	84.74	ん
1	84.74	85.09	や
1	85.57	85.76	えー
1	92.77	93.15	厳しい
1	93.15	93.69	なあ
1	97.58	97.69	お
1	97.69	98.45	聴き方
1	98.77	99.11	ほう
1	104.86	105.31	え
1	105.62	106.14	レコード
1	106.14	106.47	盤
1	106.61	107.09	渋い
1	107.09	107.4	ね
1	110.56	110.93	うん
